#F6ADC6      ( 246, 173, 198, 255)
#FADA5E      ( 250, 218,  94, 255)
#FFDEAD      ( 255, 222, 173, 255)
#000080      (   0,   0, 128, 255)
#1974D2      (  25, 116, 210, 255)
#4666FF      (  70, 102, 255, 255)
#39FF14      (  57, 255,  20, 255)
#FE4164      ( 254,  65, 100, 255)
#214FC6      (  33,  79, 198, 255)
#D7837F      ( 215, 131, 127, 255)
#727472      ( 114, 116, 114, 255)
#A4DDED      ( 164, 221, 237, 255)
#E9FFDB      ( 233, 255, 219, 255)
#CC7722      ( 204, 119,  34, 255)
#43302E      (  67,  48,  46, 255)
#CFB53B      ( 207, 181,  59, 255)
#FDF5E6      ( 253, 245, 230, 255)
#796878      ( 121, 104, 120, 255)
#673147      ( 103,  49,  71, 255)
#C08081      ( 192, 128, 129, 255)
#848482      ( 132, 132, 130, 255)
#808000      ( 128, 128,   0, 255)
#6B8E23      ( 107, 142,  35, 255)
#3C341F      (  60,  52,  31, 255)
#B5B35C      ( 181, 179,  92, 255)
#9AB973      ( 154, 185, 115, 255)
#353839      (  53,  56,  57, 255)
#A8C3BC      ( 168, 195, 188, 255)
#B784A7      ( 183, 132, 167, 255)
#FF7F00      ( 255, 127,   0, 255)
#FF7538      ( 255, 117,  56, 255)
#FF5800      ( 255,  88,   0, 255)
#FFA500      ( 255, 165,   0, 255)
#FF9F00      ( 255, 159,   0, 255)
#FF681F      ( 255, 104,  31, 255)
#FF5349      ( 255,  83,  73, 255)
#FA5B3D      ( 250,  91,  61, 255)
#F5BD1F      ( 245, 189,  31, 255)
#F8D568      ( 248, 213, 104, 255)
#DA70D6      ( 218, 112, 214, 255)
#F2BDCD      ( 242, 189, 205, 255)
#E29CD2      ( 226, 156, 210, 255)
#2D383A      (  45,  56,  58, 255)
#FF6E4A      ( 255, 110,  74, 255)
#4A0000      (  74,   0,   0, 255)
#002147      (   0,  33,  71, 255)
#841617      ( 132,  22,  23, 255)
#1CA9C9      (  28, 169, 201, 255)
#006600      (   0, 102,   0, 255)
#682860      ( 104,  40,  96, 255)
#BED3E5      ( 190, 211, 229, 255)
#9BC4E2      ( 155, 196, 226, 255)
#ED7A9B      ( 237, 122, 155, 255)
#FADADD      ( 250, 218, 221, 255)
#FAE6FA      ( 250, 230, 250, 255)
#ECEBBD      ( 236, 235, 189, 255)
#78184A      ( 120,  24,  74, 255)
#009B7D      (   0, 155, 125, 255)
#FFEFD5      ( 255, 239, 213, 255)
#E63E62      ( 230,  62,  98, 255)
#F1E9D2      ( 241, 233, 210, 255)
#50C878      (  80, 200, 120, 255)
#DEA5A4      ( 222, 165, 164, 255)
#800080      ( 128,   0, 128, 255)
#1F005E      (  31,   0,  94, 255)
#536878      (  83, 104, 120, 255)
#FFE5B4      ( 255, 229, 180, 255)
#FFCBA4      ( 255, 203, 164, 255)
#FFDAB9      ( 255, 218, 185, 255)
#D1E231      ( 209, 226,  49, 255)
#B768A2      ( 183, 104, 162, 255)
#CCCCFF      ( 204, 204, 255, 255)
#C3CDE6      ( 195, 205, 230, 255)
#E12C2C      ( 225,  44,  44, 255)
#1C39BB      (  28,  57, 187, 255)
#00A693      (   0, 166, 147, 255)
#32127A      (  50,  18, 122, 255)
#D99058      ( 217, 144,  88, 255)
#F77FBE      ( 247, 127, 190, 255)
#701C1C      ( 112,  28,  28, 255)
#CC3333      ( 204,  51,  51, 255)
#FE28A2      ( 254,  40, 162, 255)
#EC5800      ( 236,  88,   0, 255)
#8BA8B7      ( 139, 168, 183, 255)
#DF00FF      ( 223,   0, 255, 255)
#000F89      (   0,  15, 137, 255)
#123524      (  18,  53,  36, 255)
#2E2787      (  46,  39, 135, 255)
#C30B4E      ( 195,  11,  78, 255)
#FDDDE6      ( 253, 221, 230, 255)
#01796F      (   1, 121, 111, 255)
#2A2F23      (  42,  47,  35, 255)
#FFC0CB      ( 255, 192, 203, 255)
#D74894      ( 215,  72, 148, 255)
#FFDDF4      ( 255, 221, 244, 255)
#D8B2D1      ( 216, 178, 209, 255)
#F78FA7      ( 247, 143, 167, 255)
#93C572      ( 147, 197, 114, 255)
#E5E4E2      ( 229, 228, 226, 255)
#8E4585      ( 142,  69, 133, 255)
#DDA0DD      ( 221, 160, 221, 255)
#5946B2      (  89,  70, 178, 255)
#5DA493      (  93, 164, 147, 255)
#86608E      ( 134,  96, 142, 255)
#BE4F62      ( 190,  79,  98, 255)
#FF5A36      ( 255,  90,  54, 255)
#B0E0E6      ( 176, 224, 230, 255)
#E1CA7A      ( 225, 202, 122, 255)
#F58025      ( 245, 128,  37, 255)
#701C1C      ( 112,  28,  28, 255)
#003153      (   0,  49,  83, 255)
#DF00FF      ( 223,   0, 255, 255)
#CC8899      ( 204, 136, 153, 255)
#644117      ( 100,  65,  23, 255)
#FF7518      ( 255, 117,  24, 255)
#6A0DAD      ( 106,  13, 173, 255)
#800080      ( 128,   0, 128, 255)
#9F00C5      ( 159,   0, 197, 255)
#A020F0      ( 160,  32, 240, 255)
#9678B6      ( 150, 120, 182, 255)
#4E5180      (  78,  81, 128, 255)
#FE4EDA      ( 254,  78, 218, 255)
#9C51B6      ( 156,  81, 182, 255)
#9A4EAE      ( 154,  78, 174, 255)
#436B95      (  67, 107, 149, 255)
#E8CCD7      ( 232, 204, 215, 255)
#A6A6A6      ( 166, 166, 166, 255)
#8E3A59      ( 142,  58,  89, 255)
#FF355E      ( 255,  53,  94, 255)
#242124      (  36,  33,  36, 255)
#FBAB60      ( 251, 171,  96, 255)
#E30B5D      ( 227,  11,  93, 255)
#915F6D      ( 145,  95, 109, 255)
#B3446C      ( 179,  68, 108, 255)
#D68A59      ( 214, 138,  89, 255)
#826644      ( 130, 102,  68, 255)
#FF33CC      ( 255,  51, 204, 255)
#E3256B      ( 227,  37, 107, 255)
#8D4E85      ( 141,  78, 133, 255)
#663399      ( 102,  51, 153, 255)
#FF0000      ( 255,   0,   0, 255)
#EE204D      ( 238,  32,  77, 255)
#F2003C      ( 242,   0,  60, 255)
#C40233      ( 196,   2,  51, 255)
#ED2939      ( 237,  41,  57, 255)
#ED1C24      ( 237,  28,  36, 255)
#FE2712      ( 254,  39,  18, 255)
#FF5349      ( 255,  83,  73, 255)
#FF681F      ( 255, 104,  31, 255)
#FF4500      ( 255,  69,   0, 255)
#E40078      ( 228,   0, 120, 255)
#FD3A4A      ( 253,  58,  74, 255)
#C71585      ( 199,  21, 133, 255)
#C0448F      ( 192,  68, 143, 255)
#922B3E      ( 146,  43,  62, 255)
#A45A52      ( 164,  90,  82, 255)
#002387      (   0,  35, 135, 255)
#777696      ( 119, 118, 150, 255)
#004040      (   0,  64,  64, 255)
#010B13      (   1,  11,  19, 255)
#010203      (   1,   2,   3, 255)
#444C38      (  68,  76,  56, 255)
#00CCCC      (   0, 204, 204, 255)
#8A7F80      ( 138, 127, 128, 255)
#A91101      ( 169,  17,   1, 255)
#838996      ( 131, 137, 150, 255)
#FF007F      ( 255,   0, 127, 255)
#F9429E      ( 249,  66, 158, 255)
#9E5E6F      ( 158,  94, 111, 255)
#674846      ( 103,  72,  70, 255)
#E32636      ( 227,  38,  54, 255)
#FF66CC      ( 255, 102, 204, 255)
#ED7A9B      ( 237, 122, 155, 255)
#C21E56      ( 194,  30,  86, 255)
#905D5D      ( 144,  93,  93, 255)
#AB4E52      ( 171,  78,  82, 255)
#65000B      ( 101,   0,  11, 255)
#D40000      ( 212,   0,   0, 255)
#BC8F8F      ( 188, 143, 143, 255)
#002366      (   0,  35, 102, 255)
#4169E1      (  65, 105, 225, 255)
#7851A9      ( 120,  81, 169, 255)
#FADA5E      ( 250, 218,  94, 255)
#CE4676      ( 206,  70, 118, 255)
#D10056      ( 209,   0,  86, 255)
#E0115F      ( 224,  17,  95, 255)
#9B111E      ( 155,  17,  30, 255)
#A81C07      ( 168,  28,   7, 255)
#80461B      ( 128,  70,  27, 255)
#679267      ( 103, 146, 103, 255)
#32174D      (  50,  23,  77, 255)
#B7410E      ( 183,  65,  14, 255)
#DA2C43      ( 218,  44,  67, 255)
#043927      (   4,  57,  39, 255)
#8B4513      ( 139,  69,  19, 255)
#FF7800      ( 255, 120,   0, 255)
#FF6700      ( 255, 103,   0, 255)
#EED202      ( 238, 210,   2, 255)
#F4C430      ( 244, 196,  48, 255)
#BCB88A      ( 188, 184, 138, 255)
#23297A      (  35,  41, 122, 255)
#FA8072      ( 250, 128, 114, 255)
#FF91A4      ( 255, 145, 164, 255)
#C2B280      ( 194, 178, 128, 255)
#967117      ( 150, 113,  23, 255)
#F4A460      ( 244, 164,  96, 255)
#507D2A      (  80, 125,  42, 255)
#0F52BA      (  15,  82, 186, 255)
#0067A5      (   0, 103, 165, 255)
#2D5DA1      (  45,  93, 161, 255)
#CBA135      ( 203, 161,  53, 255)
#FF2400      ( 255,  36,   0, 255)
#FF91AF      ( 255, 145, 175, 255)
#FFD800      ( 255, 216,   0, 255)
#66FF66      ( 102, 255, 102, 255)
#2E8B57      (  46, 139,  87, 255)
#00FFCD      (   0, 255, 205, 255)
#612086      (  97,  32, 134, 255)
#59260B      (  89,  38,  11, 255)
#FFF5EE      ( 255, 245, 238, 255)
#764374      ( 118,  67, 116, 255)
#FFBA00      ( 255, 186,   0, 255)
#704214      ( 112,  66,  20, 255)
#8A795D      ( 138, 121,  93, 255)
#778BA5      ( 119, 139, 165, 255)
#009E60      (   0, 158,  96, 255)
#8FD400      ( 143, 212,   0, 255)
#D98695      ( 217, 134, 149, 255)
#5FA778      (  95, 167, 120, 255)
#FC0FC0      ( 252,  15, 192, 255)
#FF6FFF      ( 255, 111, 255, 255)
#882D17      ( 136,  45,  23, 255)
#C0C0C0      ( 192, 192, 192, 255)
#C9C0BB      ( 201, 192, 187, 255)
#AAA9AD      ( 170, 169, 173, 255)
#ACACAC      ( 172, 172, 172, 255)
#C4AEAD      ( 196, 174, 173, 255)
#BFC1C2      ( 191, 193, 194, 255)
#CB410B      ( 203,  65,  11, 255)
#FF3855      ( 255,  56,  85, 255)
#FFDB00      ( 255, 219,   0, 255)
#007474      (   0, 116, 116, 255)
#87CEEB      ( 135, 206, 235, 255)
#76D7EA      ( 118, 215, 234, 255)
#CF71AF      ( 207, 113, 175, 255)
#6A5ACD      ( 106,  90, 205, 255)
#708090      ( 112, 128, 144, 255)
#299617      (  41, 150,  23, 255)
#C84186      ( 200,  65, 134, 255)
#100C08      (  16,  12,   8, 255)
#FFFAFA      ( 255, 250, 250, 255)
#893843      ( 137,  56,  67, 255)
#757575      ( 117, 117, 117, 255)
#1D2951      (  29,  41,  81, 255)
#807532      ( 128, 117,  50, 255)
#0070B8      (   0, 112, 184, 255)
#D10047      ( 209,   0,  71, 255)
#989898      ( 152, 152, 152, 255)
#009150      (   0, 145,  80, 255)
#E86100      ( 232,  97,   0, 255)
#F7BFBE      ( 247, 191, 190, 255)
#E60026      ( 230,   0,  38, 255)
#00FFFE      (   0, 255, 254, 255)
#4C2882      (  76,  40, 130, 255)
#007F5C      (   0, 127,  92, 255)
#A7FC00      ( 167, 252,   0, 255)
#87FF2A      ( 135, 255,  42, 255)
#00FF7F      (   0, 255, 127, 255)
#ECEBBD      ( 236, 235, 189, 255)
#007BB8      (   0, 123, 184, 255)
#4682B4      (  70, 130, 180, 255)
#CC33CC      ( 204,  51, 204, 255)
#FADA5E      ( 250, 218,  94, 255)
#E4D96F      ( 228, 217, 111, 255)
#FA5053      ( 250,  80,  83, 255)
#FF9361      ( 255, 147,  97, 255)
#33CC33      (  51, 204,  51, 255)
#914E75      ( 145,  78, 117, 255)
#FFCC33      ( 255, 204,  51, 255)
#E3AB57      ( 227, 171,  87, 255)
#FAD6A5      ( 250, 214, 165, 255)
#CF6BA9      ( 207, 107, 169, 255)
#A83731      ( 168,  55,  49, 255)
#D44500      ( 212,  69,   0, 255)
#D2B48C      ( 210, 180, 140, 255)
#D99A6C      ( 217, 154, 108, 255)
#F28500      ( 242, 133,   0, 255)
#E4717A      ( 228, 113, 122, 255)
#FB4D46      ( 251,  77,  70, 255)
#483C32      (  72,  60,  50, 255)
#8B8589      ( 139, 133, 137, 255)
#D0F0C0      ( 208, 240, 192, 255)
#F4C2C2      ( 244, 194, 194, 255)
#008080      (   0, 128, 128, 255)
#367588      (  54, 117, 136, 255)
#00FFBF      (   0, 255, 191, 255)
#CF3476      ( 207,  52, 118, 255)
#CD5700      ( 205,  87,   0, 255)
#E2725B      ( 226, 114,  91, 255)
#D8BFD8      ( 216, 191, 216, 255)
#DE6FA1      ( 222, 111, 161, 255)
#FC89AC      ( 252, 137, 172, 255)
#0ABAB5      (  10, 186, 181, 255)
#DBD7D2      ( 219, 215, 210, 255)
#EEE600      ( 238, 230,   0, 255)
#FF6347      ( 255,  99,  71, 255)
#86A1A9      ( 134, 161, 169, 255)
#00755E      (   0, 117,  94, 255)
#2D68C4      (  45, 104, 196, 255)
#1C05B3      (  28,   5, 179, 255)
#3E8EDE      (  62, 142, 222, 255)
#DEAA88      ( 222, 170, 136, 255)
#40E0D0      (  64, 224, 208, 255)
#00FFEF      (   0, 255, 239, 255)
#A0D6B4      ( 160, 214, 180, 255)
#8A9A5B      ( 138, 154,  91, 255)
#FAD6A5      ( 250, 214, 165, 255)
#6F4E37      ( 111,  78,  55, 255)
#7C4848      ( 124,  72,  72, 255)
#A67B5B      ( 166, 123,  91, 255)
#C09999      ( 192, 153, 153, 255)
#8A496B      ( 138,  73, 107, 255)
#66023C      ( 102,   2,  60, 255)
#0033AA      (   0,  51, 170, 255)
#D9004C      ( 217,   0,  76, 255)
#3F00FF      (  63,   0, 255, 255)
#4166F5      (  65, 102, 245, 255)
#FF6FFF      ( 255, 111, 255, 255)
#FC6C85      ( 252, 108, 133, 255)
#635147      (  99,  81,  71, 255)
#FFDDCA      ( 255, 221, 202, 255)
#009EDB      (   0, 158, 219, 255)
#A50021      ( 165,   0,  33, 255)
#FFFF66      ( 255, 255, 102, 255)
#014421      (   1,  68,  33, 255)
#7B1113      ( 123,  17,  19, 255)
#AE2029      ( 174,  32,  41, 255)
#AFDBF5      ( 175, 219, 245, 255)
#004F98      (   0,  79, 152, 255)
#664228      ( 102,  66,  40, 255)
#F3E5AB      ( 243, 229, 171, 255)
#F38FA9      ( 243, 143, 169, 255)
#C5B358      ( 197, 179,  88, 255)
#C80815      ( 200,   8,  21, 255)
#43B3AE      (  67, 179, 174, 255)
#E34234      ( 227,  66,  52, 255)
#D9381E      ( 217,  56,  30, 255)
#A020F0      ( 160,  32, 240, 255)
#8F00FF      ( 143,   0, 255, 255)
#7F00FF      ( 127,   0, 255, 255)
#963D7F      ( 150,  61, 127, 255)
#8601AF      ( 134,   1, 175, 255)
#EE82EE      ( 238, 130, 238, 255)
#324AB2      (  50,  74, 178, 255)
#766EC8      ( 118, 110, 200, 255)
#F75394      ( 247,  83, 148, 255)
#F0599C      ( 240,  89, 156, 255)
#40826D      (  64, 130, 109, 255)
#009698      (   0, 150, 152, 255)
#9F1D35      ( 159,  29,  53, 255)
#00CCFF      (   0, 204, 255, 255)
#FFA089      ( 255, 160, 137, 255)
#9F00FF      ( 159,   0, 255, 255)
#CEFF00      ( 206, 255,   0, 255)
#004242      (   0,  66,  66, 255)
#189BCC      (  24, 155, 204, 255)
#F5DEB3      ( 245, 222, 179, 255)
#FFFFFF      ( 255, 255, 255, 255)
#A2ADD0      ( 162, 173, 208, 255)
#D470A2      ( 212, 112, 162, 255)
#FF43A4      ( 255,  67, 164, 255)
#FC6C85      ( 252, 108, 133, 255)
#A75502      ( 167,  85,   2, 255)
#722F37      ( 114,  47,  55, 255)
#673147      ( 103,  49,  71, 255)
#FF007C      ( 255,   0, 124, 255)
#56887D      (  86, 136, 125, 255)
#C9A0DC      ( 201, 160, 220, 255)
#C19A6B      ( 193, 154, 107, 255)
#738678      ( 115, 134, 120, 255)
#EEED09      ( 238, 237,   9, 255)
#F1B42F      ( 241, 180,  47, 255)
#00356B      (   0,  53, 107, 255)
#FFFF00      ( 255, 255,   0, 255)
#FCE883      ( 252, 232, 131, 255)
#EFCC00      ( 239, 204,   0, 255)
#FFD300      ( 255, 211,   0, 255)
#FEDF00      ( 254, 223,   0, 255)
#FFEF00      ( 255, 239,   0, 255)
#FEFE33      ( 254, 254,  51, 255)
#9ACD32      ( 154, 205,  50, 255)
#C5E384      ( 197, 227, 132, 255)
#30B21A      (  48, 178,  26, 255)
#FFAE42      ( 255, 174,  66, 255)
#FF9505      ( 255, 149,   5, 255)
#FFF700      ( 255, 247,   0, 255)
#2E5090      (  46,  80, 144, 255)
#0014A8      (   0,  20, 168, 255)
#2C1608      (  44,  22,   8, 255)
#39A78E      (  57, 167, 142, 255)
